$ 1 0.0000049999999999999996 10.20027730826997 50 10 50 5e-11
r 288 368 288 432 0 1000
g 288 576 288 608 0 0
g 416 560 416 608 0 0
r 416 464 416 528 0 1000
d 288 432 288 480 2 1N4004
w 288 432 416 432 0
w 416 432 416 464 0
w 416 432 496 432 0
O 496 432 544 432 1 0
R 288 368 288 320 0 0 40 5 0 0 0.5
d 288 480 288 528 2 1N4004
d 288 528 288 576 2 1N4004
w 416 560 416 528 0
368 288 480 240 480 0 0
368 288 528 240 528 0 0
368 288 576 240 576 0 0
368 288 368 240 368 0 0
368 416 432 416 384 0 0
368 416 560 368 560 0 0
