$ 1 0.000005 19.867427341514983 50 5 50 5e-11
T 288 304 368 304 0 4 0.08333333333333333 0.1312968765046725 -9.351991403505622e-12 0.999
d 400 320 432 288 2 1N4004
d 432 288 464 320 2 1N4004
d 432 352 464 320 2 1N4004
d 400 320 432 352 2 1N4004
w 368 304 368 288 0
w 368 288 432 288 0
w 368 336 368 352 0
w 368 352 432 352 0
w 400 320 400 384 0
w 464 320 496 320 0
w 400 384 496 384 0
209 496 320 496 384 0 0.0033 8.383157055330496 0.001 1
209 576 320 576 384 0 0.0033 8.383148672215217 0.001 1
r 496 320 576 320 0 0.001
r 496 384 576 384 0 0.001
v 240 336 240 304 0 1 60 120 0 0 0.5
207 192 336 176 336 4 120V
w 240 304 288 304 0
w 240 336 288 336 0
g 240 336 240 368 0 0
r 640 320 640 384 0 1000
w 576 320 640 320 0
w 576 384 640 384 0
o 21 64 0 4099 10 0.0125 0 2 21 3
o 16 64 0 4099 160 0.2 1 2 16 3
