$ 1 0.000005 27.727228452313398 50 5 50 5e-11
v 304 336 304 256 0 1 60 120 0 0 0.5
w 304 256 336 256 0
d 336 256 336 208 2 1N4004
d 336 304 336 256 2 1N4004
209 400 256 400 304 0 0.000009999999999999999 117.80661770901837 0.001 1000
209 400 208 400 256 0 0.000009999999999999999 115.84813707920581 0.001 1000
w 336 208 400 208 0
w 336 304 400 304 0
w 400 256 368 256 0
w 368 256 368 336 0
w 368 336 304 336 0
w 400 208 448 208 0
r 448 208 448 304 0 100000
w 448 304 400 304 0
r 688 224 688 320 0 100000
w 592 320 544 320 0
209 592 272 544 272 0 0.000009999999999999999 119.36836074225512 0.001 1000
209 624 224 624 320 0 0.000009999999999999999 231.39710611330423 0.001 1000
d 592 320 592 272 2 1N4004
d 592 272 592 224 2 1N4004
v 544 320 544 272 0 1 60 120 0 0 0.5
w 592 224 624 224 0
w 592 320 624 320 0
w 624 224 688 224 0
w 624 320 688 320 0
w 464 432 400 432 0
w 400 368 464 368 0
v 400 432 400 368 0 1 60 120 0 0 0.5
d 432 400 464 368 2 default
d 464 368 496 400 2 default
d 432 400 464 432 2 default
d 464 432 496 400 2 default
w 432 400 432 464 0
209 528 400 528 432 0 0.00001 115.9588640810049 0.001 1
209 528 432 528 464 0 0.00001 117.9194924163636 0.001 1
w 464 432 528 432 0
w 432 464 528 464 0
w 496 400 528 400 0
w 528 400 592 400 0
w 528 464 592 464 0
r 592 400 592 464 0 100000
o 40 64 0 4099 320 0.00625 0 2 40 3
o 12 64 0 4099 320 0.00625 1 2 12 3
o 14 64 0 4099 320 0.003125 2 2 14 3
