$ 1 0.000005 14.235633750745258 50 5 50 5e-11
v 272 320 272 272 0 1 60 120 0 0 0.5
209 368 272 320 272 0 0.000009999999999999999 89.14868308445554 0.001 1000
209 416 272 416 320 0 0.000009999999999999999 208.5664707186802 0.001 1000
209 416 320 416 368 0 0.000009999999999999999 114.33923891215986 0.001 1000
d 416 368 320 368 2 1N4004
d 368 320 368 272 2 1N4004
d 368 272 416 272 2 default
w 368 320 416 320 0
w 272 320 368 320 0
w 320 272 272 272 0
w 320 272 320 368 0
r 464 272 464 368 0 50000
w 416 272 464 272 0
w 416 368 464 368 0
o 0 64 0 x101003 160 1.6 0 2 0 3
o 11 64 0 x101003 640 0.0125 1 2 11 3
