$ 1 0.000005 14.235633750745258 50 5 50 5e-11
v 272 352 272 304 0 1 60 120 0 0 0.5
r 528 208 528 400 0 100000
209 320 352 320 288 0 0.000009999999999999999 -119.35737495130228 0.001 1000
209 416 352 320 352 0 0.000009999999999999999 -111.77571298567722 0.001 1000
d 416 304 416 256 2 1N4004
d 416 352 416 304 2 1N4004
d 416 256 416 208 2 1N4004
d 416 400 416 352 2 1N4004
w 416 256 320 256 0
w 320 288 320 256 0
w 272 352 320 352 0
w 272 304 416 304 0
209 464 304 464 352 0 0.000009999999999999999 227.98954716587906 0.001 1000
209 464 208 464 256 0 0.000009999999999999999 224.204237531724 0.001 1000
w 416 304 464 304 0
w 464 304 464 256 0
w 416 208 464 208 0
w 464 208 528 208 0
w 416 400 464 400 0
w 464 400 464 352 0
w 464 400 528 400 0
o 0 64 0 x101003 160 0.8 0 2 0 3
o 1 64 0 x101003 640 0.00625 1 2 1 3
