$ 1 0.000005 14.235633750745258 50 5 50 5e-11
v 272 336 272 272 0 1 60 120 0 0 0.5
r 576 384 288 384 0 100000
d 288 336 336 272 2 1N4004
209 432 272 336 272 0 0.000009999999999999999 202.42753778085063 0.001 1000
d 336 272 384 336 2 1N4004
d 432 272 480 336 2 1N4004
d 384 336 432 272 2 1N4004
d 480 336 528 272 2 1N4004
d 528 272 576 336 2 1N4004
209 528 272 432 272 0 0.000009999999999999999 183.27452830072946 0.001 1000
209 384 336 288 336 0 0.000009999999999999999 118.69885250679624 0.001 1000
209 576 336 480 336 0 0.000009999999999999999 182.51858202727607 0.001 1000
209 480 336 384 336 0 0.000009999999999999999 201.9646330072913 0.001 1000
w 272 272 336 272 0
w 272 336 288 336 0
w 288 336 288 384 0
w 576 336 576 384 0
o 0 64 0 x101003 160 6553.6 0 2 0 3
o 1 64 0 x101003 1280 0.0125 1 2 1 3
